111	198
Aurora	39.06	-84.90
Batesville	39.30	-85.22
Beavercreek	39.71	-84.09
Bedford	38.59	-85.32
Brookville	39.42	-85.02
CambridgeCity	39.82	-85.17
Centerville	39.63	-84.16
Cincinnati	39.13	-84.52
Clayton	39.86	-84.36
Columbus	39.20	-85.92
Connersville	39.65	-85.15
Covington	39.08	-84.52
Cynthiana	38.39	-84.29
Dayton	39.76	-84.21
DryRidge	38.68	-84.58
Dunreith	39.80	-85.45
Eaton	39.74	-84.65
Eminence	38.37	-85.17
Erlanger	39.02	-84.60
Fairborn	39.82	-84.02
Falmouth	38.68	-84.34
Fayetteville	39.19	-83.93
Flemingsburg	38.42	-83.72
Fountaintown	39.70	-85.78
Frankfort	38.20	-84.89
Georgetown	38.21	-84.54
GeorgetownOH	38.86	-83.90
Germantown	38.65	-83.96
Glencoe	38.72	-84.82
Greenfield	39.78	-85.78
Greensburg	39.34	-85.50
Hamilton	39.40	-84.59
Hanover	38.71	-85.47
HiddenValley	39.16	-84.84
Hillsboro	39.20	-83.61
I275-US127	39.29	-84.56
I275-US27	39.05	-84.46
I275exit33	39.26	-84.60
I275exit63	39.10	-84.28
I275exit65	39.07	-84.30
I64-I265	38.22	-85.51
I64exit32	38.19	-85.27
I70-I675	39.87	-83.99
I70-I75	39.87	-84.19
I70exit10	39.84	-84.63
I71-I275	39.27	-84.35
I71-I75	38.87	-84.63
I71exit34	38.52	-85.23
I71exit45	39.49	-83.94
I71exit50	39.52	-83.85
I71exit65	39.62	-83.61
I71exit84	39.76	-83.30
I74exit5	39.22	-84.74
I75-I275	39.29	-84.44
I75-I675	39.62	-84.23
I75exit118	38.12	-84.53
I75exit29	39.44	-84.34
I75exit32	39.49	-84.32
I75exit38	39.56	-84.27
IN3-IN46	39.31	-85.58
Lawrenceburg	39.09	-84.86
Lebanon	39.43	-84.21
Leesburg	39.35	-83.56
Lexington	38.06	-84.43
Liberty	39.64	-84.93
London	39.88	-83.46
Louisville	38.26	-85.75
Macon	38.97	-83.73
Madison	38.73	-85.38
Maysville	38.64	-83.75
Miamisburg	39.64	-84.29
Miamitown	39.21	-84.71
Middletown	39.51	-84.39
Midland	39.31	-83.91
Milford	39.18	-84.29
Monroe	39.44	-84.36
Morehead	38.18	-83.45
MtOrab	39.03	-83.92
MtSterling	38.05	-83.94
NewParis	39.83	-84.78
NewVienna	39.32	-83.69
Newbern	39.23	-85.77
Newport	39.09	-84.49
NorthVernon	39.01	-85.62
Northfield	38.29	-85.64
OH48-OH73	39.55	-84.17
Owenton	38.54	-84.84
Oxford	39.51	-84.75
Paris	38.21	-84.25
Redoak	38.80	-83.79
Richmond	39.83	-84.90
Ross	39.31	-84.65
Rushville	39.61	-85.45
Russellville	38.87	-83.79
Scottsburg	38.69	-85.78
Seymour	38.96	-85.89
Shelbyville	39.52	-85.77
SouthLebanon	39.38	-84.21
SpringfieldE	39.92	-83.69
SpringfieldS	39.90	-83.85
Summerford	39.94	-83.50
US68-OH235	39.74	-83.94
Versailles	39.07	-85.25
Vevay	38.75	-85.07
WashingtonCH	39.54	-83.44
Waynesville	39.53	-84.08
WestHarrison	39.28	-84.86
Williamstown	38.64	-84.56
Wilmington	39.45	-83.83
Winchester	38.00	-84.18
Xenia	39.68	-83.93
29	15	17	US40
29	23	7	IN9
15	92	14	IN3
15	5	16	US40
23	96	10	IN9
23	92	19	US52
92	96	17	IN44
92	10	20	IN44
92	4	28	US52
92	30	17	IN3
5	10	13	IN1
5	90	15	US40
96	30	19	I74
10	64	11	IN44
10	4	18	IN1
4	64	16	IN101
4	106	15	US52
30	59	6	IN3
30	102	21	US421
30	1	15	I74
90	79	6	US40
90	64	14	US27
96	81	24	IN9
64	87	14	US27
106	1	20	I74
106	52	7	I74
59	81	13	IN46
59	83	23	IN3
102	83	21	US50
102	68	25	US421
102	0	21	US50
79	44	8	I70
79	16	10	US35
81	9	7	IN46
87	91	15	US27
52	33	9	I275
52	71	4	I74
83	68	25	US421
83	95	12	US50
83	9	15	IN7
68	32	8	IN56
68	3	13	US421
68	103	19	IN56
0	60	6	US50
0	103	34	IN56
44	16	6	US127
44	8	14	I70
16	31	27	US127
16	13	23	US35
9	95	15	US31
91	71	10	OH128
91	37	5	US27
91	31	8	OH128
33	60	5	US50
33	18	20	I275
71	37	6	I275
95	94	20	I65
32	94	16	IN56
32	66	36	IN62
3	47	8	US421
3	28	34	US42
8	43	10	I70
31	75	7	OH4
31	35	8	US127
13	70	10	OH4
13	54	9	I75
13	6	8	OH48
13	2	6	US35
13	43	9	I75
37	35	3	I275
18	11	9	I75
18	46	13	I75
18	36	9	I275
94	66	28	I65
47	84	25	I71
47	17	17	US421
47	28	29	I71
43	42	10	I70
75	56	5	OH63
75	72	7	OH4
35	53	7	I275
70	72	7	OH4
70	54	6	OH725
54	6	4	I675
54	58	5	I75
6	85	6	OH48
6	2	9	I675
2	19	13	I675
2	110	12	US35
11	82	2	I71
36	39	10	I275
36	82	6	US27
36	20	25	US27
36	27	43	KY9
84	40	10	I265
84	17	27	KY22
84	66	10	I71
17	24	26	US421
17	86	26	KY22
17	41	15	KY55
28	86	17	US127
28	46	15	I71
42	99	8	I70
42	19	4	I675
56	53	12	I75
56	57	4	I75
56	61	6	OH63
72	57	4	OH122
72	58	9	OH73
85	58	6	OH73
85	105	5	OH73
85	61	9	OH48
19	101	6	OH235
110	101	4	US68
110	105	15	US42
110	49	12	US68
110	50	18	US35
110	65	30	US42
40	41	14	I64
24	41	20	I64
24	86	33	US127
24	55	20	I64
86	14	22	KY22
99	98	10	I70
99	101	13	US68
98	100	9	I70
53	45	6	I275
57	58	6	I75
61	105	11	US42
105	48	9	OH73
49	48	6	I71
49	50	14	I71
49	108	5	US68
48	108	6	OH73
48	97	17	I71
50	104	11	US35
50	51	19	I71
65	100	5	OH56
65	51	11	OH56
55	63	4	I75
55	25	7	I75
14	107	4	I75
14	46	13	I75
45	74	9	I275
45	97	11	I71
45	108	32	US22
108	73	11	US68
108	80	12	OH73
108	104	22	US22
104	51	19	US62
104	62	15	US62
63	109	15	I64
63	88	15	US68
25	88	18	US460
25	107	30	I75
25	12	19	US62
107	20	15	KY22
74	38	5	I275
74	21	23	US50
74	73	20	OH28
73	80	11	OH28
73	21	9	US68
80	34	10	OH73
80	62	7	OH28
62	34	11	US62
109	88	16	KY627
109	78	12	I64
88	78	24	US460
88	12	15	US27
20	12	22	US27
20	27	31	KY10
38	39	2	I275
38	77	21	OH32
39	26	26	OH125
21	77	14	US68
21	34	19	US50
34	67	19	US62
78	76	29	I64
78	22	30	KY11
12	69	42	US62
27	69	7	KY9
77	67	12	OH32
77	26	14	US68
26	89	6	US68
26	93	7	OH125
67	93	8	US62
76	22	24	KY32
22	69	17	KY11
69	89	15	US52
89	93	4	US62
7	11	6	I71
7	82	4	ReadingRd
7	71	20	I74
7	35	21	US127
7	53	13	I75
7	45	20	I71
7	74	15	I71
7	38	15	OH32
